Img_Name,Author
01 - 3rd Class,Garry Jones
02 - Down to the buses,Julie Beddow
03 - The bus is late...again!,John Horton
04 - Old Carriage On Platform,Mike Kinnear
05 - Improvised Workstation,Ian Reece
06 - What do you think,Val Sturman
07 - Not rush hour then,Joan Banks
08 - Keep off the tracks,Julie Beddow
09 - Driver ready for off,Ian Reece
10 - Lighting The Steps,Mike Kinnear
11 - Do you know that's dripping on my head?!,Garry Jones
12 - Can't wait to get home,John Horton
13 - Power to the People,Joan Banks
14 - Bridge at Telford Station,Natalie Kinnear
15 - Next stop Shifnal,Val Sturman